125751
168
125801
167
125852
166
125902
165
125954
165
126004
166
126054
167
126105
169
126155
171
126206
173
126257
174
126308
175
126358
175
126408
175
126459
175
126510
173
126561
171
126611
169
126661
167
126712
165
126763
164
126814
164
126864
164
126914
165
126965
167
127015
168
127067
166
127117
167
127167
168
127218
171
127268
172
127320
171
127370
171
127421
171
127471
169
127521
168
127572
174
127623
177
127674
180
127724
185
127774
187
127825
186
127876
184
127927
182
127977
180
128027
176
128078
172
128129
169
128180
166
128230
165
128280
166
128331
167
128381
170
128433
175
128483
175
128533
175
128584
184
128634
185
128686
185
128736
186
128787
184
128837
179
128887
174
128939
166
128989
166
129040
168
129090
171
129140
178
129191
180
129242
182
129293
183
129343
181
129393
182
129444
181
129495
177
129546
172
129596
166
129646
165
129697
172
129747
178
129799
180
129849
179
129900
181
129950
181
130000
183
130052
185
130102
185
130153
181
130203
177
130253
166
130305
164
130355
175
130406
179
130456
178
130506
175
130557
169
130608
170
130659
172
130709
183
130759
189
130810
184
130861
182
130912
179
130962
171
131013
168
131063
171
131113
168
131165
165
131215
169
131266
178
131316
184
131366
187
131418
190
131468
188
131519
184
131569
182
131619
178
131671
175
131721
173
131772
170
131822
167
131872
171
131923
171
131974
172
132025
174
132075
178
132126
179
132176
177
132227
176
132278
175
132328
176
132379
174
132429
171
132480
169
132531
173
132581
176
132632
178
132682
176
132732
174
132784
176
132834
177
132885
173
132935
180
132985
183
133037
185
133087
184
133138
181
133188
180
133239
178
133289
173
133340
169
133391
170
133441
175
133492
175
133542
180
133593
178
133644
175
133694
184
133745
186
133795
190
133846
187
133897
188
133947
182
133998
180
134048
181
134098
184
134150
191
134200
195
134251
201
134301
195
134352
184
134403
183
134453
184
134504
195
134554
197
134605
200
134656
191
134706
189
134757
188
134807
186
134858
185
134908
185
134959
187
135010
181
135060
185
135111
190
135161
192
135212
190
135263
186
135313
177
135364
170
135414
168
135465
167
135516
170
135566
172
135617
172
135667
172
135718
177
135769
184
135819
188
135870
192
135920
191
135971
186
136022
183
136072
182
136123
180
136173
182
136224
183
136274
180
136325
180
136376
174
136426
175
136477
186
136527
192
136579
190
136629
184
136679
179
136730
171
136780
169
136832
173
136882
182
136932
184
136983
184
137033
184
137084
183
137135
176
137185
177
137236
184
137286
192
137337
189
137388
187
137438
184
137489
177
137539
171
137590
172
137640
171
137692
172
137742
173
137792
181
137843
185
137893
187
137945
192
137995
192
138045
192
138096
187
138146
182
138198
176
138248
174
138298
175
138349
174
138399
173
138450
178
138501
184
138551
184
138602
184
138652
181
138703
180
138754
178
138805
175
138855
176
138905
182
138956
182
139006
179
139058
173
139108
169
139158
168
139209
181
139259
184
139311
188
139361
182
139411
179
139462
175
139512
173
139564
183
139614
185
139664
184
139715
180
139765
180
139816
173
139867
170
139918
172
139968
184
140018
191
140069
194
140120
193
140171
190
140221
182
140271
178
140322
176
140372
178
140424
181
140474
185
140524
182
140575
181
140625
182
140677
183
140727
183
140778
179
140828
181
140878
179
140930
178
140980
178
141031
185
141081
192
141131
189
141182
190
141233
185
141284
186
141334
184
141384
180
141435
181
141486
182
141537
184
141587
186
141637
187
141688
186
141739
183
141790
180
141840
176
141891
174
141941
172
141991
171
142043
170
142093
170
142144
169
142194
169
142244
168
142296
169
142346
168
142397
168
142447
166
142497
164
142548
162
142599
160
142650
159
142700
159
142750
160
142801
160
142852
161
142903
163
142953
164
143004
166
143054
167
143105
167
143156
166
143206
164
143257
163
143307
161
143357
159
143409
159
143459
158
143510
159
143560
160
143610
161
143662
163
143712
164
143763
165
143813
166
143863
165
143915
164
143965
163
144016
161
144066
159
144117
158
144167
158
144218
158
144269
159
144319
161
144370
162
144420
163
144471
165
144522
165
144572
165
144623
165
144673
163
144723
161
144775
160
144825
159
144876
158
144926
158
144976
159
145028
160
145078
162
145129
163
145179
165
145230
166
145281
166
145331
165
145382
164
145432
162
145483
161
145533
160
145584
159
145635
159
145685
159
145736
160
145786
162
145837
163
145888
165
145938
166
145989
166
146039
166
146089
165
146141
163
146191
162
146242
160
146292
159
146343
158
146394
159
146444
160
146495
161
146545
162
146596
164
146647
165
146697
166
146748
166
146798
165
