457
237
457
237
457
237
456
237
457
238
456
237
457
237
457
237
457
237
457
237
456
237
457
237
457
237
457
238
457
237
457
237
457
238
457
237
457
237
457
238
457
237
457
238
457
238
457
238
457
238
457
239
457
239
457
238
457
239
457
239
458
238
458
238
458
239
458
239
458
240
458
239
458
240
458
240
458
240
458
240
458
240
458
240
458
240
459
240
459
240
459
240
459
240
459
240
459
240
459
241
459
241
459
241
459
241
459
240
460
241
460
241
459
241
459
241
460
241
460
241
460
241
460
241
460
241
460
241
460
241
460
241
460
241
460
241
460
241
460
241
460
241
460
241
460
241
460
241
460
241
460
241
461
241
461
242
461
241
461
241
461
242
461
242
461
241
461
242
461
242
461
242
461
242
461
241
461
242
461
242
461
242
461
242
461
242
461
242
461
242
461
242
461
242
461
243
462
242
461
242
461
242
462
242
462
242
462
242
461
242
462
243
462
242
462
242
462
242
462
243
462
243
462
243
462
242
462
243
462
243
462
242
462
242
462
243
462
243
462
243
462
243
463
244
463
243
463
243
463
243
463
243
463
243
463
243
463
243
464
244
464
244
464
244
464
244
465
244
465
244
466
244
466
244
467
244
467
245
468
244
468
244
469
245
469
245
470
244
470
244
470
245
471
245
471
245
471
245
471
244
472
245
472
245
472
244
472
245
472
245
472
245
472
244
471
244
471
244
471
244
471
244
471
244
471
245
471
245
471
244
471
245
471
244
471
244
471
244
471
244
471
245
471
244
471
244
472
245
472
244
472
245
472
245
473
245
473
245
473
245
474
244
474
245
474
245
474
245
474
245
474
245
474
245
475
245
475
245
475
245
475
245
475
245
475
245
475
245
475
244
475
245
475
245
475
245
474
244
474
245
474
245
474
244
474
245
474
245
474
245
474
245
473
245
473
244
473
244
473
244
473
244
473
244
472
245
472
245
472
244
472
244
472
244
472
245
472
245
472
244
472
244
472
245
473
244
473
244
473
244
474
245
474
245
475
244
475
244
476
245
477
244
478
244
478
244
479
245
480
244
480
244
480
244
481
245
482
244
482
244
482
244
483
244
482
245
480
244
477
245
474
245
475
245
480
245
482
245
483
245
480
245
478
245
477
244
474
245
477
245
482
244
485
244
486
244
488
245
488
245
484
244
483
245
484
245
483
245
482
244
483
245
489
245
493
245
493
244
493
245
494
245
494
245
494
245
493
245
492
245
488
245
485
245
483
245
480
245
479
245
482
245
486
245
489
245
491
245
493
245
496
245
499
245
500
245
496
245
494
245
493
245
491
245
490
244
488
244
484
245
480
245
481
244
485
244
487
245
488
245
486
244
485
244
484
245
481
245
481
245
486
245
488
245
492
245
495
245
497
245
496
245
492
245
492
245
490
245
488
245
486
244
484
245
480
245
478
245
479
245
485
245
488
245
490
245
491
245
491
245
489
246
487
245
486
246
485
246
485
246
485
246
485
246
486
246
490
246
494
246
495
246
496
246
497
246
497
245
497
246
497
246
498
246
497
247
492
247
492
247
491
246
488
246
487
247
492
247
495
247
497
246
500
246
503
247
502
247
500
247
498
247
497
246
495
247
491
246
487
246
485
247
482
246
482
246
485
246
490
247
492
246
494
247
496
247
498
247
498
247
496
247
492
246
491
247
492
248
494
247
493
247
492
246
492
247
492
247
493
246
495
247
496
247
497
247
498
246
498
246
499
246
498
247
495
247
491
247
488
246
485
246
487
247
492
247
494
246
495
246
497
247
497
247
493
246
492
247
494
246
494
246
491
246
490
246
492
246
494
246
496
245
496
246
497
246
496
246
493
246
489
246
486
246
484
246
489
246
493
246
495
246
496
246
495
246
492
246
493
246
492
246
490
246
493
246
498
246
500
246
498
246
498
246
498
246
497
246
494
246
490
245
488
246
484
246
485
246
490
246
492
246
494
246
496
246
492
246
490
246
490
246
487
246
485
246
489
246
495
246
498
246
501
246
502
246
499
245
493
246
490
245
487
245
485
245
483
245
481
245
480
245
485
245
488
246
490
246
492
245
488
246
488
245
487
245
484
245
485
245
490
246
492
245
496
245
497
246
496
245
493
246
492
245
488
246
484
246
481
245
479
245
483
245
487
245
489
245
491
245
489
246
487
246
487
246
484
246
485
245
491
246
493
246
495
246
495
247
494
246
494
246
492
246
491
246
493
246
496
246
497
246
497
245
497
245
497
246
498
246
498
246
495
246
492
246
492
246
490
246
488
246
490
246
495
245
497
245
498
246
499
245
499
246
496
245
495
245
494
245
491
245
486
245
482
245
480
245
483
245
487
244
489
244
490
245
491
245
489
244
486
244
487
244
486
244
484
244
483
244
487
244
491
244
494
244
496
244
498
244
500
244
500
244
498
244
494
244
491
244
489
244
486
243
483
243
482
244
487
244
490
244
492
243
494
244
495
244
492
244
491
243
491
244
490
244
488
244
487
244
493
244
498
245
501
245
503
245
504
244
503
244
499
244
495
244
492
243
490
244
487
244
485
244
491
243
493
243
495
244
497
244
494
243
493
243
492
244
489
243
487
244
492
243
496
244
499
244
501
243
500
243
496
244
492
244
490
243
488
243
486
243
483
243
483
244
488
242
491
243
493
243
495
244
497
243
495
243
491
243
491
244
491
243
489
244
487
244
487
244
492
244
497
244
500
244
501
243
501
243
501
244
500
243
498
244
495
243
491
243
489
243
487
243
484
243
484
243
488
243
493
243
495
244
497
244
498
243
499
244
501
244
504
244
504
244
501
244
498
243
495
243
494
244
494
243
493
243
490
244
487
243
488
244
492
243
495
244
497
244
498
243
500
244
500
243
498
243
496
243
495
243
495
243
494
244
493
244
492
243
492
243
493
244
495
243
497
243
499
243
501
243
502
243
503
243
503
243
503
243
503
244
499
243
498
243
498
243
497
243
495
243
495
243
499
243
503
244
506
244
509
244
511
243
512
244
511
244
508
243
505
243
501
243
499
244
497
242
494
243
491
243
495
243
499
243
501
243
503
244
503
243
499
243
499
243
500
244
497
243
495
243
499
243
502
243
505
244
507
243
508
243
506
243
502
243
499
243
497
243
495
244
494
243
491
243
492
243
497
243
500
243
502
243
503
243
504
243
502
244
499
243
499
243
499
243
497
243
495
244
496
243
501
243
506
244
508
243
510
243
510
243
509
243
508
243
507
243
504
243
501
243
499
244
496
243
493
243
493
243
498
244
502
243
504
244
505
243
506
243
508
243
509
243
510
243
508
244
505
244
505
243
506
243
506
243
504
243
503
243
500
244
497
244
495
244
495
244
499
243
502
243
504
243
506
244
507
243
508
243
508
244
508
244
507
243
505
243
503
244
501
244
500
243
501
243
501
244
501
244
499
243
498
243
497
243
496
244
493
243
491
243
495
243
499
244
501
243
503
243
504
244
506
244
507
243
505
243
501
244
500
244
501
244
502
244
503
243
502
244
500
244
498
243
496
244
496
244
498
243
502
244
504
243
505
243
507
244
508
244
506
243
504
243
501
244
500
244
498
243
497
244
496
244
494
244
492
244
492
244
493
244
495
244
498
243
500
244
503
244
504
244
506
244
507
243
507
244
507
244
508
244
509
243
509
244
510
244
511
244
511
243
512
244
511
244
511
244
512
244
512
244
513
245
513
244
514
244
514
244
513
244
511
245
509
244
507
244
503
244
502
244
503
245
502
244
499
244
497
244
496
244
500
245
505
244
507
244
509
245
510
245
511
244
512
244
513
245
513
244
512
244
510
245
508
244
505
245
503
244
502
244
500
244
498
245
496
244
495
245
500
244
503
244
505
244
506
244
508
244
509
244
507
244
503
244
502
244
503
245
504
244
504
244
502
244
501
244
501
245
503
245
505
244
507
244
508
244
509
244
511
244
511
244
511
244
511
244
510
244
508
244
505
244
503
245
502
245
501
244
500
245
499
244
498
244
497
244
497
244
497
244
497
244
496
243
495
244
493
244
492
245
491
244
492
244
496
244
500
245
502
244
504
244
506
244
507
245
508
244
508
244
505
244
502
244
501
244
501
243
502
244
502
244
502
244
502
243
501
243
500
244
500
244
500
244
498
244
497
244
497
244
499
244
503
244
505
243
506
244
507
244
508
244
507
244
504
244
502
244
500
244
499
244
498
243
497
244
495
244
493
243
494
244
496
244
500
244
505
244
509
243
511
244
512
244
512
244
512
243
512
243
512
244
512
244
512
243
512
243
511
244
507
244
504
244
504
244
505
244
505
244
503
244
501
243
499
244
499
244
502
243
506
244
511
243
515
243
518
244
519
244
518
243
518
244
517
243
517
244
516
244
515
244
513
244
509
244
507
244
505
244
503
244
502
244
500
244
498
244
497
243
498
244
502
245
506
244
509
244
513
244
516
244
517
245
518
244
518
244
517
244
517
244
516
244
516
244
516
244
516
244
516
244
513
244
509
244
508
244
508
244
508
244
508
244
506
244
504
244
502
244
501
244
501
244
502
243
503
244
505
245
508
245
510
244
512
244
512
244
513
244
515
244
515
244
515
244
515
244
515
244
514
244
511
244
508
244
506
245
504
244
503
244
501
245
499
244
498
244
498
244
503
244
508
244
512
245
516
245
517
244
518
245
518
245
517
244
517
244
517
244
517
245
517
245
517
244
515
244
511
244
508
245
508
245
509
245
508
245
506
244
504
245
502
245
501
244
502
244
505
244
511
245
515
245
518
244
520
245
522
245
523
245
522
244
521
244
521
244
520
245
519
244
518
244
515
244
511
245
509
245
507
244
505
245
503
244
500
244
499
244
499
244
502
245
507
245
510
245
513
245
516
245
518
245
520
245
521
245
523
245
523
245
522
245
521
244
520
245
520
245
519
244
518
244
515
244
511
245
508
245
508
245
509
245
509
244
508
245
507
244
505
244
503
245
501
245
500
244
501
244
502
245
503
245
504
245
505
245
505
244
505
245
505
245
507
245
509
244
511
245
512
245
513
244
513
244
514
245
514
245
514
245
512
244
510
244
508
245
506
245
504
245
503
245
503
245
504
245
505
245
505
244
505
244
504
245
502
245
500
244
499
244
498
244
496
244
494
244
493
244
494
244
499
245
503
244
506
244
507
244
508
245
510
245
511
244
512
244
513
244
513
245
516
245
518
245
520
244
521
244
521
245
521
245
519
245
517
245
514
244
510
244
507
244
507
244
507
244
505
244
503
245
500
244
500
245
503
244
507
244
510
244
511
245
513
245
514
244
514
244
515
245
517
245
519
245
519
244
518
244
516
244
513
245
510
245
508
244
505
244
503
244
502
244
501
244
498
244
496
244
497
244
502
244
506
244
508
244
509
244
510
245
511
244
512
244
513
244
515
244
518
244
520
244
521
244
522
245
522
245
519
244
518
244
515
244
510
244
507
244
507
244
508
244
506
244
503
245
500
244
500
244
503
244
507
245
510
244
512
244
513
244
514
245
515
244
517
244
519
244
521
244
522
245
522
244
521
244
520
244
519
244
517
244
514
244
511
244
508
245
507
244
505
245
503
244
500
245
498
244
498
244
500
244
505
244
508
244
510
244
512
244
514
244
516
244
518
245
520
244
521
244
522
244
522
244
521
244
520
244
519
244
519
244
519
244
519
244
518
244
517
244
513
244
510
244
507
244
505
244
504
244
503
245
503
244
503
244
503
244
502
244
502
244
501
245
502
244
503
245
504
245
504
244
504
245
504
245
502
244
501
243
500
244
500
244
501
244
501
243
500
244
498
244
496
244
495
244
494
244
494
244
495
244
497
245
500
244
503
244
505
244
507
245
509
245
512
244
514
245
516
245
517
245
519
246
519
245
518
245
517
245
517
245
518
245
518
245
519
246
518
246
518
245
516
245
513
246
510
245
508
246
506
246
505
246
504
246
502
246
500
245
498
245
497
246
496
246
498
246
499
246
501
246
502
246
503
247
503
246
502
246
501
246
502
246
504
245
507
246
509
246
511
246
511
246
512
246
513
246
514
246
515
246
515
246
515
246
515
246
514
246
513
246
511
247
509
246
508
246
508
246
509
246
509
246
508
247
506
245
505
246
503
246
501
246
502
246
503
246
503
246
501
246
498
246
497
246
498
245
502
246
505
246
508
246
510
245
512
246
513
246
514
246
515
247
517
246
519
246
521
246
522
247
522
246
521
246
520
246
519
246
518
246
516
246
513
246
510
246
508
245
506
246
505
246
504
245
502
246
501
247
500
247
498
246
497
246
495
246
494
246
494
247
493
247
493
246
494
246
495
246
496
246
495
246
493
246
492
246
491
246
492
246
495
246
500
246
503
245
505
245
507
246
508
245
510
246
511
246
512
246
513
245
514
246
515
246
515
246
516
246
517
246
518
246
520
246
521
246
523
247
524
247
524
246
523
246
522
246
521
246
521
246
518
246
514
246
510
246
509
246
510
247
510
246
508
246
506
246
504
247
501
246
500
246
499
246
498
246
499
246
501
245
503
246
507
246
510
246
514
247
516
246
518
246
519
246
518
246
518
246
518
246
518
247
518
246
519
246
519
246
519
246
519
246
520
246
520
246
520
246
520
246
520
245
520
246
521
246
521
246
521
246
522
247
522
246
522
247
522
247
523
248
524
248
525
248
525
249
526
249
526
250
526
250
526
250
525
251
525
251
524
252
523
251
523
251
522
251
521
250
520
249
520
249
519
248
518
247
518
246
518
246
518
245
517
245
517
246
517
246
517
245
517
246
516
245
516
245
516
245
516
246
515
245
515
245
515
244
515
244
514
244
514
244
514
243
514
242
513
242
513
242
513
242
512
241
512
241
512
240
512
240
512
240
512
240
512
240
511
240
511
240
511
239
511
240
511
239
511
240
511
240
511
240
511
240
511
240
511
239
511
240
511
240
511
239
511
239
511
239
511
239
511
240
511
240
511
239
511
240
510
239
510
239
510
239
510
240
510
239
511
239
510
239
510
240
510
239
510
239
510
239
510
239
510
239
510
240
510
240
510
239
510
239
510
239
510
239
510
240
510
240
510
240
510
240
510
240
510
239
511
240
510
240
510
240
511
239
510
239
511
240
510
240
511
240
511
240
511
240
511
240
511
240
511
240
510
240
511
240
510
240
511
240
511
240
511
240
511
240
511
240
511
240
511
240
511
240
510
240
511
240
511
239
511
239
511
239
511
240
511
239
511
239
511
240
511
240
511
240
510
240
511
239
510
240
511
240
511
240
511
239
511
240
510
239
511
240
510
239
510
239
510
240
510
240
511
239
510
240
510
239
510
240
511
239
510
240
510
240
510
240
510
240
511
239
510
239
510
239
510
240
510
239
510
239
510
239
510
239
510
240
510
239
510
239
510
240
510
240
510
239
510
239
510
239
510
240
510
239
510
239
510
239
510
239
510
240
510
239
510
239
510
239
510
239
510
239
510
239
510
239
510
239
510
240
510
239
510
239
510
239
510
239
510
239
510
240
510
239
510
239
510
239
510
239
510
239
510
239
510
239
510
239
510
239
510
239
510
239
510
239
510
239
510
240
510
239
510
239
510
239
510
239
510
239
510
239
510
239
510
238
510
239
510
240
510
239
510
239
510
238
510
239
510
239
510
240
510
238
510
238
510
239
510
239
510
239
510
239
510
238
510
239
510
239
510
239
510
238
510
239
510
239
510
239
510
239
510
239
510
239
510
239
510
239
510
239
510
238
510
239
510
239
510
239
510
239
510
238
510
238
510
238
510
239
510
238
510
238
510
239
510
239
510
238
510
239
510
238
510
238
510
239
510
239
510
238
510
238
510
239
510
239
510
238
510
238
510
238
510
239
510
239
510
238
510
238
509
238
510
239
510
239
510
238
509
238
510
239
509
239
510
239
510
239
510
238
510
239
510
239
510
239
510
239
510
239
510
240
510
240
510
240
510
240
510
240
510
241
510
241
510
240
510
241
510
242
510
242