67200
82
67251
82
67301
82
67351
83
67402
83
67452
83
67503
84
67554
83
67604
83
67654
83
67705
83
67756
83
67806
82
67857
81
67907
81
67957
81
68008
81
68059
82
68109
82
68160
82
68210
83
68260
83
68312
83
68362
84
68412
83
68463
83
68513
82
68563
81
68615
84
68665
84
68715
84
68766
84
68816
84
68867
84
68918
84
68968
84
69018
85
69069
85
69120
84
69170
83
69221
83
69271
82
69321
83
69372
82
69423
83
69473
82
69524
82
69574
82
69624
82
69676
82
69726
82
69776
82
69827
82
69877
83
69927
84
69979
84
70029
85
70079
86
70130
86
70180
86
70231
86
70282
85
70332
82
70382
81
70433
81
70483
81
70534
80
70585
81
70635
82
70685
82
70736
82
70787
82
70837
82
70888
84
70938
83
70988
83
71040
83
71090
83
71140
84
71191
84
71241
83
71291
82
71343
80
71393
80
71443
81
71494
81
71544
82
71595
82
71646
82
71696
83
71746
82
71797
82
71847
82
71898
82
71949
83
71999
82
72049
83
72100
82
72151
80
72201
82
72252
81
72302
81
72352
81
72403
82
72454
82
72504
82
72555
82
72605
81
72655
82
72707
82
72757
82
72807
82
72858
82
72908
82
72958
81
73010
80
73060
80
73110
81
73161
82
73211
83
73262
83
73313
82
73363
84
73413
83
73464
83
73515
84
73565
82
73616
82
73666
82
73716
82
73767
81
73818
81
73868
81
73919
82
73969
82
74019
82
74071
81
74121
81
74171
81
74222
82
74272
83
74322
83
74374
84
74424
83
74474
83
74524
84
74575
83
74626
82
74676
82
74727
82
74777
81
74827
81
74878
83
74929
82
74979
82
75030
82
75080
81
75130
82
75182
83
75232
83
75282
82
75333
82
75383
82
75433
82
75485
82
75535
83
75585
83
75636
82
75686
79
75737
82
75788
82
75838
81
75888
82
75939
82
75990
85
76040
85
76091
83
76141
83
76191
84
76242
81
76293
82
76343
82
76394
82
76444
82
76494
81
76546
81
76596
80
76646
81
76697
82
76747
82
76797
83
76849
83
76899
82
76949
84
77000
83
77050
84
77101
82
77152
82
77202
82
77252
82
77303
81
77353
80
77404
80
77455
83
77505
84
77555
85
77606
85
77657
85
77707
83
77758
82
77808
81
77858
82
77910
82
77960
85
78010
84
78061
83
78111
81
78161
80
78213
81
78263
81
78313
81
78364
81
78414
79
78465
81
78516
80
78566
81
78616
81
78667
81
78717
81
78768
80
78819
80
78869
80
78919
80
78970
81
79021
81
79071
80
79122
80
79172
78
79222
81
79273
81
79324
81
79374
81
79425
82
79475
83
79525
83
79577
81
79627
79
79677
80
79728
80
79778
80
79828
80
79880
80
79930
80
79980
79
80031
80
80081
80
80132
80
80183
80
80233
81
80283
82
80334
82
80385
80
80435
79
80486
80
80536
80
80586
81
80637
81
80688
81
80738
80
80789
79
80839
78
80889
81
80941
80
80991
80
81041
81
81092
82
81142
81
81192
81
81244
81
81294
80
81344
81
81395
82
81445
82
81496
81
81547
81
81597
80
81647
78
81698
78
81748
79
81799
80
81850
80
81900
80
81950
80
82001
80
82052
80
82102
79
82153
81
82203
81
82253
81
82305
82
82355
81
82405
78
82456
81
82506
80
82556
80
82608
80
82658
80
82708
81
82759
81
82809
81
82860
79
82911
80
82961
80
83011
80
83062
82
83112
81
83163
80
83214
82
83264
81
83314
80
83365
80
83416
81
83466
79
83517
80
83567
79
83617
78
83668
79
83719
78
83769
79
83820
80
83870
80
83920
81
83971
79
84022
81
84072
81
84122
80
84173
81
84224
80
84274
81
84325
80
84375
80
84425
78
84476
79
84527
79
84577
80
84628
81
84678
81
84728
81
84780
80
84830
79
84880
79
84931
80
84981
81
85031
80
85083
81
85133
80
85183
80
85234
80
85284
80
85335
80
85386
81
85436
81
85486
82
85537
82
85587
79
85638
79
85689
79
85739
80
85789
80
85840
80
85891
79
85941
80
85992
80
86042
82
86092
81
86144
81
86194
82
86244
83
86295
84
86345
82
86395
79
86447
79
86497
79
86547
80
86598
79
86648
80
86699
80
86750
82
86800
80
86850
81
86901
82
86951
81
87002
81
87053
83
87103
83
87153
80
87204
79
87255
79
87305
80
87356
80
87406
81
87456
81
87507
81
87558
80
87608
82
87659
81
87709
80
87759
80
87811
80
87861
82
87911
82
87962
80
88012
81
88062
79
88114
79
88164
79
88214
81
88265
81
88315
81
88366
80
88417
79
88467
78
88517
79
88568
80
88619
79
88669
79
88720
79
88770
79
88820
81
88871
82
88922
82
88972
82
89023
82
89073
82
89123
83
89175
82
89225
78
89275
79
89326
79
89376
79
89426
79
89478
79
89528
79
89578
79
89629
80
89679
81
89730
81
89781
83
89831
82
89881
82
89931
83
89982
84
90033
81
90083
79
90134
79
90184
79
90234
79
90286
80
90336
80
90386
79
90437
79
90487
80
90537
82
90589
81
90639
82
90689
82
90740
83
90790
84
90841
83
90892
81
90942
79
90992
79
91043
80
91094
82
91144
81
91195
82
91245
79
91295
79
91346
80
91397
79
91447
80
91498
81
91548
81
91598
81
91650
82
91700
81
91750
82
91801
82
91851
81
91901
81
91953
81
92003
80
92053
80
92104
80
92154
80
92205
80
92256
80
92306
80
92356
80
92407
80
92457
81
92508
82
92559
81
92609
82
92659
81
92710
81
92761
81
92811
80
92862
80
92912
80
92962
80
93014
80
93064
80
93114
80
93165
81
93215
80
93265
81
93317
81
93367
81
93417
81
93468
81
93518
81
93569
81
93620
81
93670
80
93720
80
93771
80
93821
80
93872
79
93923
80
93973
80
94023
80
94074
81
94125
81
94175
81
94226
81
94276
81
94326
81
94377
81
94428
81
94478
81
94529
81
94579
81
94629
81
94681
80
94731
79
94781
80
94832
80
94882
80
94932
81
94984
81
95034
82
95084
82
95135
82
95185
81
95236
82
95287
82
95337
81
95387
80
95438
81
95489
81
95539
80
95590
80
95640
81
95690
80
95741
81
