1
397341247521
26380353
15214284865
176193
28861494563682369
497466031169
21675073
5979201
5484235841
5887041
27285128289
20816008004668513
179703193439329
28123029736545
-1754573013818831775
-2110759636958737271
179702658993249
21967113313
719136931417185
862267804769
6041506913
624587743329
-2110811451207242615
21004155534433
16300957387900001
3536636001
20577
485806177
707921236065
19386465
6286598884316257
509404651193473
4225
15918897074305
21044465793
719267053611137
-806088649805089635
186954881
5323905
15715333752961
21386369
5484107905
5739835873409
86169729
8384439350646913
19515365505
193310742657
674404545
6186141522113
13286593
143706305
19058881
9484816797889
200154722521281
729853044658983105
14976225
22127346913
5345
842470625
21435617
509404165774561
15585
26688737
5425377
6286608763767009
168225
18721
659638561
5973952801
175639841057
13188385057
186877757729
17490888993
14222721
21560287070593
13397101953
19042689
21566849
1679990145
19965313
14853505
12673
22652985192833
175491035521
509404633346433
24621441
26718593
3269506433
149403009
25817298157953
1327489
511361
18928001
6414140082147713
512385
469704824193
663805313
417
486344097
19040673
28185361418657
5615716567457
27524535713
27534735777
7814561
22477079696801
449
1429325874625
194598274497
663162848705
21004161516993
27115718081
635272596929
4545
4613280193
8624931606094255603
19045825
477377678581185
52927937
9237601729
404137409
5678529
5647809
28782588233824705
404404673
609996225
624516321729
20444767228973505
173357060545
909142717641281985
521630358294548929
15207813569
28185371922881
7995806145
26049
26993583553
255861614017
22477095372289
216503227905
16897
13071598081
605209089
179703110615553
834446475777
193596670465
192905888257
5652993
4930326118913
16300948260798977
521630350579417601
278149022209
414145135105
15190529
469546096161
172002881
424078105382465
28410709542178369
609488449
201171154593123905
5697
38465
702409252417
11841
13889
707780851265
702408603201
5982631489
626505281
22118217281
5618321985
23016529199155777
691194433
191154753
5615711144513
21057
626283073
5774824001
19966537814593
609
149065313
21466721
437854817
5383777
11873
674415201
3457633
-1754572676456722847
871959285345
719267019542113
719266839318113
179703196733025
6186132295265
509405147352673
398679265889
5567770350177
27744833983073
28127922677345
641
22121980545
21004140552833
13953
441985
719266633536129
624216298113
22025523841
22472491717249
16300948869796481
176819589761
509404698464897
15545798305
21271201
670369
923558212682404513
-1754572504695549279
-1754572264177380703
923570712081846945
15930081399457
923568088530847425
190256833
16241508033
21549400262369
632577
165922
46459947042
821282
634989579298
363554
17831398434
501070793762
156868923460642
559254562
15174690
4130
5476386
719266542458914
12753954
177445922
5915548706
664610
19049506
191183891490
1487178608674
27329146914
405538
676737058
724902952185890
397335212066
14370
145442
49863079970
9487909009442
16070690
374818
394569037858
7995766818
609695778
471644194
18466
194923022370
6334928192096290
5490722
458541090
844515362
19984664741922
5605247010
19505170466
19967778637858
183330
425237597218
187145833506
3460130
640994338
14994466
676711458
642082
15552072738
20514
282658
6173453733922
463305199650
15918626918434
27453444130
181030946
25634
162
8488098
361634
459938
177669282
591010
21595298
656546
860521634
363682
4258
11928146082
5282
201890
464034
660642
187144354
14720162
605265058
14982306
8187766152354
213950626
20529195032738
691183778
149201058
7808162
206876834
6112456866
405666
21188980898
667810
145570
21783296162
26822818
674978
20455732593446050
20642
609898658
15206174882
149415074
910291800698521890
4386
7995527458
665757128994
7458
175394
405794
7995797794
14626
27094564130
6121687989538
8505634
149794
654433308374092066
179351734562
9062690
21798964514
20770
184610
609898786
11634050
900024434263426
160579242263938
21549406061954
5375362
11994498
21595522
4658562
679716226
19507127682
156827985282
11648386
19506773378
19502710146
4701570
25817254444418
19509263746
188398978
769410
15745138050
185730
9033090
4785634
656866
139029251554
2530
823778
522367458
79330
7995471330
7995537890
178658
15972834
303675874
15442325519842
376290
192236862946
7995768290
397332037090
441826
21609954
671202
177880546
609372642
477666
624632089058
14142946
853594594
283106
181031394
452612578
6132334356746722
8639970
679728610
5018339399138
21665207778
677346
24034
417250
7995809250
25058
8187902812642
26082
22161778146
4814300642
1602
692971472450
14976578
460354
272041538
4654658
20547138
22663124354626
4232770
85403382093378
11572802
22644354225730
296867667735778882
6334716675397186
195204674
27452843586
8384636643288642
175253058
255859009090
643999298
679716418
7808578
12002882
4243010
322629123650
322541043266
5619266
609599042
506936898
272088642
12041794
19504184898
1528346917556862576
21751316034
15449666
19515817538
272062018
6125907465794
180423330
676695714
22030253919906
26350242
16510032546
676534946
26451618
4597410
19499722402
78498
406178
654860579740463778
676737698
609760930
8501922
185195543202
475155106
19373738658
6238009445026
477858
710193662626
16787262114
788089506
20130
673418890914
675490
839330
21154
182506146
609637026
27907159904930
26274
249882274
4900874914
802
17617520035
5604706339
21657585699
6022465571
660212771
21139491
187138512931
171043
-1754573054860480477
650500065308707
619698106403
19497529379
506769443
405539
438307
177187
12760099
52605987
537635
488856106019
5920010023971
660091939
14371
12630051
55045782648867
6185970448419
26359843
413467621411
5748771
856143907
15206070307
16419
880773480483
19054627
12939739171
478609735467043
15188003
543471326216227
15336095779
15545810979
18467
13066356771
202717123379808291
439981525027
149539
5018101106723
182307
15976483
4344662051
414138714147
187020331043
19984958375971
8187958282275
179358484515
687425571
26822691
673827
609896483
139029268515
5742692812835
5504093219
183331
702408739875
777276451
518310947
1813629987
11928194083
693034961955
880872705059
20515
83184635939
21221211164707
15446897119267
8507427
878831652899
13247966367779
559534115
679728163
20467937443206179
5887011
15545816099
605345827
7995794595
28185255391395
857911459
405667
605434019
21115809955
878509733027
660191395
669859
609892515
187316387
27470215331
3536898211
403884195
15336097955
28190321559715
-1754573054859917149
5440771
27544277779715
19170563
22206476485891
16311879398098179
676726019
11928835
19497649411
497461658883
171377923
175572227
20415747
408421635
19516622083
19984585131267
-7328145849704708855
4785411
175703299
19503056131
15449044092163
21663122691
21562627
19516687619
20723631363
184773346563
19516753155
724902758483203
11638019
12626208855299
710258300163
19365238019
19043587
188054257177859
201987
413501134083
679225069049091
858330371
21599491
11642115
27463361795
6464771
639141035582723
4596995
304093419939075
487013623043
9839875
5678339
468227
16196867
393708315907
22033230079235
5973251
6186245143811
19184899
14058549589458179
188202243
539907
12208062348547
4799747
769283
181913859
5913413404931
20464296692009219
87299
251139
15291651
37784867
535409242403
47364387
15437321586979
180472099
21798963491
5888652404556155171
21220871981347
15227736355
486101283
839971
521630361525213475
13927811
17204611
11994499
-1754573054859999869
27524662659
20546947
-806105534389713505
14825777890691
5965187
19505284483
820611
14718339
18912643
5615722206595
21009795
202115
15442327967107
12129667
685942147
6041281923
2532739
110568835
5018101491075
11582851
11648387
20168067
5717379
5881219
676969859
5995347331
176831875
20577926531
4898179
5979523
643513731
185731
272258435
20446145090631139
394723
21595619
656867
19507775971
364003
8900768533987
1543651
4579
179365384675
15176163
16300970044233187
173218275
497464549859
402915
5750622212531683
175587
143843
791770477027
-1754572533164264989
192738111971
4900401635
6226668040675
21581148643
4669448093099795893
20328186524131
15918869918179
15184355
15315511171068387
521630369043689955
854045155
19378659
668131
484094435
22653215355363
672216547
5847987683
177635
843232739
22094755299
3454435
1488355
19967774209507
21950281187
423625045226979
719267042866659
28184799524323
485930467
6313588452406755
23011792092837347
15918714762723
28185141360099
27314894307
5974275555
21040215523
6486818767481877987
179707477243363
650508907328995
719266542794211
193454421475
25950696931
179702820517347
901912308757987
22477123630563
624497800675
16300957394023907
-1754593877959363101
197136300389859
509403947611619
18340512290911715
6334926912862691
22017063395
15641721315
509404239739363
15918903212515
15385957359565283
21597665763
178659
179707409807843
-7636639931983249333
521630355381500387
521630355387791843
1292771
521630348512311779
15812750142061027
19501726179
21581216227
16300948837579235
4149455366611646947
21950478819
521630365041408483
623988292067
-1754572543825954333
22122445283
5787728355
22472828762595
882961843599843
702282316259
521631049802430947
521630432702872035
6186251958755
624302864867
21577218531
700496680610052579
15336094179
19978344085987
509405071817187
22286055907
22477117471203
28268623744874979
194827139555
20048394723
650501841107427
878373911011
521631030473013731
13407762915
28835987893926371
5750627751377379
521630361820281315
22084794851
509404706978275
376291
394569039331
7995768291
409059
16300948760051171
20816003835968995
22193553891
609763811
836067
7996228067
639513743114723
149987
182755
22472962787811
477667
609700323
676809187
413572483555
16300948770540003
20466147
21581351395
3968953835490724333
634725681635
5605280227
675299
20963
486167011
605279715
4609507
13190518243
20319795893731
13073077731
8384201551730147
20319678453219
21452259
19516577251
5893492742235313635
2867180685788431029
27468977635
860313059
486036963
188306915
197550532023779
479843811
19061219
425254377955
24035
13292887523
189261283
11634243
672341788227
21169731
28125763667523
850855491
9012803
672859715
4333471299
486311491
13669955
187733571
188782147
15315594928756291
195744011843
19851679299
176264771
62752167491
680662595
11703875
186219405319247427
21599811
15080330819
638899116021315
42563
179350611523
19984662242883
413870237251
647603779
44633302595
110765635
5919688736323
22473000402499
540227
20561475
-7600230672591790433
292322364823813699
17481283
4963907
16301094390060611
27527403075
2545219
623979910723
21616195
26179
12940076611
2723
519409315
5795
12585677298339
620297335459
5995377315
156854962796195
156815671971
46645923
182947
28185302715043
609634979
862690298531
21950450339
480921557486243
5884579
23016536769448611
5982883
4900671139
452611747
21155
676745891
7996068515
5639971
3510740413259845421
623993205539
3455779
187145114403
4132
422130685988
43393060
26616868
26846244
175158308
472100
5355556
609335332
15918630582308
609466404
182308
378916
673418954788
673828
5018101238820
192235491364
624523727908
25636
696029439012
132260
187145782436
394404
609617060
591012
22118204580
9045156
285462560900260
647563428
620365988
5615841741988
172264612
12932385956
-7672606045923668352
16300948755713188
5848304804
736396372133514404
192239176868
509404633141412
15918897467556
529572
21899548836
22472491702436
6021093540
509404913113252
16300948286151844
173612196
26259620
21750919332
148944036
688876139684
19575972
13940900
27524708516
22472962489508
6139272020132
149078180
22476786679972
21797257380
21479588
200441398378660
860536996
509404653078692
11921868964
21949959332
174267157668
690146468
477416612
16300948627704996
186961060
17704537252
16300948630162596
19990374403236
412143780
719266841153700
6263810478244
15918908493988
5988713418916
626512036
17695955108
19980703946916
23016541276788900
175491045540
171235492
23716
658880136484
21220877894948
394532
194598274340
4780885284
14535855965476
26805540
363812
191839547821348
15545797924
899450417057060
4388
5412
660772
609425700
433810600730237220
22425208297764
6028466468
15918913723684
609459492
21273892
521630345423008036
497466126628
15918874932516
19052836
249870628
641077852452
16676
27592395997476
674416932
15918896957732
635255834916
407324964
901921961463076
736528932365454628
23016525109710116
5757445721380
639272642268452
15846692
702947642660
28112388738340
509404782906660
21060767012
509404182072612
6007475492
5122181812464045348
22134639908
639111592693028
28185254710564
736528929653280036
414044409124
16300957394029860
5017836277028
-1754572676672139996
175491403044
21946322212
509405216525604
20816678160583972
702407563556
19061028
172284196
19499637028
249878820
497464695076
5488761124
484
364004
620367332
6186447015396
702409248228
-1754572465404998172
628196
7652
4475952612
7808484
605434340
471249380
15343301092
177636
19118564
497465473508
178660
19380708
605668
85307506148
26901822948
183780
180442596
21059044
8639972
482788
5620474797540
139029077476
506257169892
14871012
230980
27907035727428
624535242308
179363415620
1476164
643302980
755268
183766151300676
7996147268
13669956
19508794948
20551236
255873095236
12002884
5973572
860844926532
5799487044
540228
251460
19509204548
26180
19064388
364196
255865491108
168612
399012
408099492
624289755812
538276
391068114237092
887568950540964
15541189284
497465477796
249875108
380580
477725488467620
840356
12981988
656371923748
516995876
16300950789771044
385319333
412134821
623979446693
265253
676731941
18469
14682310693
26626085
660830898213
7996000293
9062437
14929013393445
183333
12766245
674853
20517
249876517
654728922892785701
1548001381
113431064677
21003916229733
14487589076069
423778153123941
823429
171141
19045509
7996056709
620373125
15918894797957
719266532858053
674404549
6263810463941
635255822533
883394547587269
7397
251075813
15589
21241125
609505573
19851744581
900024441672069
113367946629
28861194085438853
21508044718445957
21950272901
702269625733
635254281605
6533
28861502774814085
5907845
11653
13701
183685
19061125
6041306533
27501037989
8187939359141
4699264421
27606078002597
26809765
19516761509
663137567141
854999461
624698999205
23016543100584357
22477094880709
6108351941
19984975105477
46308697495604677
4549
191140293
23016529606447557
702545400261
26645957
846796229
719266537053637
182754757
624026754501
47424965
276479429
27457668549
19059141
197141702300101
478332241334725
860148165
173625797
26825157
23016539135728069
182249925
169477
21219467502085
108037
480808880711173
462896645
12637733
188798501
497465480741
22477090903589
719265345099301
609846853
15545777733
20328126385765
690458213
624158622309
893217137672805
5484236389
5122185532060783205
193321030245
27449283173
693052285573
28184759706245
15025355113125
509404652111557
16300948770522821
464581
7995856581
649843712525276869
21436101
595653
26810053
27641429694149
262002292889285
175495063237
15918894792389
156167818131205
5580175109
21071621
427781
624323626757
5788567301
521630360321754885
688033541
15918910574341
657624837
189042437
719266550943493
15918879641349
15918915753733
635274630917
192505517829
22134432517
21779227397
5646085
665349
15918874804997
674415365
883390621598469
509404902507269
179707121419013
719266682946309
-7348029425278859613
6160746988293
16300948770407173
15918876214021
188203781
191851119365
15918874940165
634902467333
509404711801605
22653173322501
5925
13288675109
678053353253
9228916517
144054053
624323598117
5557029
166950
21138470
5919984946214
658470
620366886
27527908390
402470
599078
673419174950
9053222
405542
23271618274275366
619863913510
851751974
660059174
243750
26687526
390376482879526
18470
444454
7995836454
788088870
15545420838
674854
20518
184358
609505318
8118211373421580326
658916036646
21386278
55334
19388454
193594906662
24614
591014
21595302
5995365542
509404648738982
5286
136358
381214135462
398502
660646
405670
787886246
667814
180401318
5355686
609368230
408369318
26822822
639719685376166
20631718
23718
19040550
5835046
663152560422
15545797926
4592934
55153958
7462
21241126
19516366118
187342118
187152637222
249868582
405798
676737318
438566
9056550
12630310
5484099878
145702
7995537702
178470
19052838
609466662
262006499424550
288667942
18726
182566
15079754022
425259616550
21612838
281894
187336772902
27453050150
639072323521830
7996067110
20774
21044351270
186662
5995389222
19170694
460166
5834118
656774
620430726
11638150
171087238
28861502775367046
19506767238
21439878
686623685092742
4701574
19381638
19578246
769414
609992070
512896812701062
5690758
5920134
25990
17232979334
427494
20614630
143846
373222
787886566
624631886310
189938150
146918
409062
671206
5605309926
193792196070
707783179750
13726333418982
18918
175163878
26266086
5360102
149990
619719084518
138689038822
82992876006
691194342
879012006374
27453016550
444902
5645098469862
15918895122918
15386085867047398
674278
22272943999462
5861165542
4900768230
4675046
509404634371558
255857219046
611814
20691113446
25062
497465525830
5670470
180632687347270
19985125246534
5783000646
169542
5615716046406
255879976518
19984758904390
15177286
507090502
9016902
175253062
149071430
573140986144326
6041085510
175580742
11648582
441926
21446214
21610054
15449670
21288518
16300948775884358
364198
524328614
406182
15014
497465539238
146086
8384438713072294
19110
6139263011494
469546094246
187355814
5445671
468007
176167
654293028669108263
844509223
658492600359
177191
249869351
27539767997479
243751
175163431
5604722727
475154471
110512167
609896487
19495
676711463
543783
4931145321511
26901401639
609505319
8187890913319
5493799
186407
12769319
5784135719
22206343611559
12455
7995535527
12317209767
178343
12937509031
509404648749223
901929695885479
5552295
176399300775
181024935
15441662195879
27094564007
469541898407
5995383975
20647
15346504967
21431591
7463
180591911
4544902789839143
5576378663
411943
20775
186663
132487
21625673221511
4654471
20546951
20589413767
464263
7995532679
5324167
14138759
5979527
6022092167
677255
656839
487
22080173543
656871
4583
19972270264807
22477243159015
7808487
143847
295587426791
1492269543
178663
146919
198656015847
177356263
22272943472103
5881319
1489291751
546950631
20967
488823271
719266850724327
482791
241605609031
5375559
193329235527
331020961351
14976583
19374966343
4654663
2508794886770591303
1514604103
20451620018390599
23016696994793031
854001223
21431879
714324135380551
3532129863
20547143
4880579790407
408618567
27524793927
820807
21009991
1374092191371280495
-679549238709665681
4363847
14849607
197550525290055
5504439879
759367
140871
12985927
534087
665159
149601863
17481287
19512606279
5979719
769607
87623
5691303069351
1771175
20551335
12626218817191
5383847
19499722407
860235431
605693607
13991
15015
609899175
14119
672132956108583
510759
21529659432
24749902888
4136
402472
599080
22183224360
208936
654451845822099496
20464773499138088
405544
26901622824
13352
609661992
19516732456
145448
268285663861946408
13595981864
550939801640
19827897022504
624598071336
24749684776
475545640
8187756953640
26755112
146851880
20047808552
149544
688483616808
19987136923688
21516929064
191183865896
444456
6160542779432
27329480744
19978559965224
22118352936
19496
281640
11928194088
20520
21651116072
184360
21451816
186408
12199437457448
384040
190504
710225881128
168
132264
180490470568
187145782440
705011874048115880
289801384
6263966351623336
591016
4785320
26897613992
21562536
2799651267347624
22030049674408
180649835693224
656552
7996048552
26936488
5476520
398504
679716008
463299224744
143528
458535080
21511942312
676769960
536744
537768
21221756420264
18600
20007080
182440
680970408
5848418472
7996000424
434236916949504168
840066216
168232
269608
6160607616296
22272941497640
175400
405800
13608
16680
708650241606828328
249874728
19752
27463929128
20776
186664
26282472
5608
143848
176616
177640
333954854323140072
397812086248
197961660741096
424059489203688
27534735848
177260902888
19380712
146920
376296
180712
5392872
5854644712
676809192
5884392
21613032
27453083112
414071672296
28861494789164520
675304
21044547048
20968
12767720
611816
5887464
4826743821800
12729986962920
12769768
24040
153148904
2728
647563944
171688
609459880
14726824
880774788776
19379880
12198856473256
4481759912
609467048
670376
609893032
180505256
5979778927272
26823336
674472
21160
296832042792
-1754572264653124824
672124433404712
16293182966403880
486656250664
679078771888936
439982035752
113218199336
16300948625572648
1457477040718632
9
5225
14333985068137
639195473319017
180462697
474217
137
38025
12620937
880791721097
14132361
201
16232681
702280087785
12925972873
21044343177
521630360828293513
16300948629718441
5848139177
15918895343017
16300948761916841
674283945
46186921
22477079462313
16300948260798889
179703195877801
21044478377
736529252376723881
23016529704075689
6019531177
457
5753812425
21174236617
521630360849253833
5888636391534923209
6021090761
265673
702399417801
5525343689
15918882491849
184020456697204169
192239177161
184019916238787017
25334217
193310527945
20328117211593
424038151524809
2100226967495838769
879012516297
901921713460681
26958928329
509404715719113
521630360820554185
25467337
15918895077833
827726281
16300948605868489
497465072073
6041443785
719136743268809
509404900532681
12928558537
204831328970185
509404712184265
5610992740809
26259913
16300948907538889
702398577097
21676489
16300964577398217
674418121
15386086430920137
172281289
5615850606025
509404702592457
16300948764249545
175491403209
21946322377
690895867337
16300970306325961
650502512201161
719267086093769
-7636259801027423505
509404642987465
179707054837193
19502649801
16300948761792969
22099095900617
28185301537225
15918908494281
16300950350385609
-7346305079862700697
707782693321
6491287476523684333
22099035083209
693052297673
20464302098141641
650298534318537
25470987063753
5988949348809
15918903775689
497464433097
685955529
635267373513
6025304521
-1754572916941202999
719267053099465
509404650985929
5479324105
5750621476103753
474697
26689097
617
44465131113
148943465
673752268393
5951081
649
28107949418121
363562
676695082
167978
402474
19416657997866
18474
23594
880115319978
529578
683936054653098
379050
12770474
28112050117802
47222058
2538
672884068842
7995629034
468458
175594
12933748202
724900334097898
26090
702408790698
7850
5351082
15808170
538282
609760938
180599466
375466
676706986
675498
5479485098
185002
199761376299
188794923
16246827
529579
15874219
671915
8507563
181031083
25771
8383932977472683
363819
213051084075
844566827
405803
7995797803
19984664736043
518501675
145707
244011
295587526955
642347
15208665387
272224555
26890539
169419
759243
672341796299
183759543674315
255874180555
671179
769483
806595837387
5783016907
311437959659
2092
19367980
19514492972
624470493228
363564
4140
5640236
823340
8223756332
175148
15345988652
537644
145452
7995537452
6048508426284
179370702892
16428
250757164
8505388
609372204
5490732
1787948
1550896172
674860
184364
25350188
176819589164
609898540
8639532
624523727916
55340
23596
624214596652
21799492652
25644
693625900
132268
609354924
7995524268
190022828
525484
15271084
9012396
21595308
5964972
5995367596
4268
840668332
661676
7340
12623020
7995628716
650500063403180
882956478749868
5995340972
176142398636
609368236
289650860
412760236
27497414828
15075462316
642220
20652
609898668
12769452
179367499948
28185061295404
27533674796
27449166124
6021090604
175341276460
5420
719130186126636
170284
5937409726764
661804
21241132
8187772411180
46832940
175404
673418751276
831788
177452
21280044
505132
178476
14858540
707920116012
249870636
5605013804
474412
4505900
381501948204
144360748
28184793498924
675116
475680044
7996067116
196456151699756
660001068
181031212
390513639969068
186668
12214504446252
153151788
132588
198124
460268
873476884972
12619244
188780012
497465462252
609586668
200442346180076
168428
7660
3448300
21004155133420
9499800184300
178668
689580936444396
244204
5658226440684
376300
22195584492
185195838956
149996
675308
20972
27453444588
153068
5887468
186860
24044
25068
364204
609302188
8501932
22030405712556
244396
675500
858448556
1642284
198774819927852
13292912428
640994092
324792257581
24153133
5848173613
28112114158637
16321581
13668397
167981
16731706413
687053869
676797485
140333
402477
609625133
15079973933
468013
152517944365
639307010745389
6104109
19376173
204035456246458413
175149
624598101037
559066157
176173
405549
676737069
46125
9277191213
14381
5774555181
19502512173
491305187373
491118540845
15972397
21966895149
191834142765
521630354415859757
609695789
4900632621
15545776173
181024813
654804944773888045
833581
16429
5652525
20437846061
180439085
182317
479447085
1154795565
28800782009944109
378925
609601581
676710445
624520710189
5736582335547437
559269933
179358484525
4880568272941
475678765
1678887981
27462716461
642093
5605280813
609897517
16300948261063725
20525
8507437
639195731316781
413711650861
282669
815353901
609898541
11928227885
24621
25645
5334061
19391533
173
394413
459949
19499779245
20382893
21431469
20582073517
5995332781
23016529576166573
656557
425238070445
1150125
14956620942509
12619949
471109805
187136512173
660653
15717957152941
843559085
15184045
573141446374573
177325
413711971501
14509
8642869421
620378285
6308050721949869
27469662381
194597144749
191083210525869
5605280941
26856621
12636333
634866684077
28410709992984749
5839802541
150229165
28410709523321005
16339117
5988729841837
5122055837014625581
6255334198573
197454110036269
180490541
5848305965
5580230957
21241133
21946244397
176429
708116132141
878375645485
373037
5876877734189
480811326779693
639509265264941
15545545005
5012782606332205
177453
14637
145709
178477
12937509165
309549
723800284248365
478609728125229
249870637
624535320877
787953965
204035456246462765
669997
189446445
5774559533
5877218820607277
680742189
874872556845
261997339430189
642349
15545781549
675117
609897773
19058989
24877
5995389229
656877
180652525
19516721645
1314285
168429
255865295341
488804845
22653220065773
521630344339034605
658861240813
176621
185391559149
13805
685946349
28112325753325
26393069
19851950573
375277
5775014381
478602454350317
19516733933
9058797
702409259501
26361325
474605
22272941702637
5988546985453
16877
143739373
182765
7995869677
887834676840941
404376045
179356453357
190369261
675309
283117
609505773
8118211373421580781
485806573
509404653081069
19386861
619669082605
4675053
21452269
490755020269
5887469
188339693
9065965
186861
702408743405
5560813
48796803099117
47693
265901
479402669
391524013
45223230714541
872425337517
672255661
180473517
458411693
3460781
26904114810541
268292978415816365
21527645869
675501
180491013805
497465479853
486167213
813
27453443885
27744833655597
177198
193770939270805550
6263808804910
485806126
191156270
12938039342
187355182
591022
28107997351086
28185306762414
363694
175066418350
605686958
136366
21581143214
16300948473748654
634657154222
161540883010004142
5169308476236866734
474286
777273518
674990
193321389230
13288689838
5760471214
262005436698798
486102190
4658133568067296018
19060910
23726
639525106343086
22481553972398
680110
20635822
859999534
363822
185805933870
21241134
16199799020846
5713804139822
6117564620078
178478
20782
494
843549166
168430
5875182
5306843971319871982
192675428846
20581596654
474606
18926
444910
-1754572504911394322
9062894
183790
20974
497465479662
184814
394568847854
7995675118
171233774
485806574
672388590
480750
23016532818351598
24046
201575996964867758
5477038
609302190
12937508526
3542267566
15022
27453409966
5995383470
240571054
15918903677614
8927022
18479
20527
643119
27524699215
674408527
6263810467919
179279
28797998068845647
6125964367
482416577615
497464413295
19565679
179707423919215
14718063
687215727
190894191
21155951
624520772751
187389103
207
6351
563765221583
6021093583
19044559
255871588559
171219151
19498571983
676960463
14864591
271
12591
51567
4495
497039
1283503
497465009583
463
167375
867026046415
5583
182759887
831951
464399
7995856399
6041441807
8187954140687
635254150671
15545607695
14683848207
23196901086577167
193595949583
12932403727
707911799311
485806607
591
15449709807183
4900261455
143920719
19042895
878369346127
5711
14720591
262013722861135
262021239053903
16300948836230735
413870040655
702408604239
844710511
19047055
15080084111
19119
21167
11912958639
638966757020335
192920441519
840323759
5848322735
693654191
19970769113775
676975279
394959
464591
595663
268293051396986575
521630931104634575
138689451727
139029190351
22522023712463
795968345807
13039
15087
17910670211823
153590543
475260687
609898287
166960
363568
8187517701168
4144
11927687216
171056
402480
21439536
255873983536
599088
170962992
438320
14384
654095530032
12761136
19505035312
26851376
20578973744
27744834041904
20592688
26884144
49200
19054640
12730000130096
6207573116976
192506021936
9347533948976
-3402206317098514384
3612248950832
44541462576
22477082314800
485640240
685951024
21729829374314544
378928
7995770928
180865072
609863728
17497180208
673840
23012238387988528
184794368048
634853185439792
19510478896
5742692812848
26888240
642096
394569305136
7996034096
6116985904
157294382128
674864
1723440
620383280
858410032
20528
184368
177853354032
282672
695354729805664304
26901499952
21950156848
16044080
27985379414064
418992176
262006308950064
15642284080
482673840176
702408742960
23600
25648
21950293040
1200
8488112
11927651504
693568688
13173936
14716080
12619952
464048
654339624299730096
15069393072
14512
5355696
21945792688
15356639408
1535029590192
21946120368
15545776304
26688688
180894896
609763504
21949958320
509405138372784
13238647572656
5750494751574192
20939294896
150259888
423936106219696
509404169816240
542896
15922963794096
486131888
413876734128
13381456742576
674992
12636336
639313721479344
23728
1483356053744190736
702280668432
6074844779792
919282177598170384
888971910849808
6186112498960
180845117324560
654446966976691472
2869361519214869776
187746576
255872518416
20511843600
22122267952
16188720
363824
806718768
676695344
559254832
5995367728
5424
5346608
595248
7472
676732208
860462384
6336816
14279749936
405808
26275623216
21475632
180892976
191635700016
28772427479344
5927592966448
244016
177584432
6057603217712
16398640
19500842288
187145830704
188795184
419056944
53552
8507696
19503632688
282928
5342608
22477079152016
478616166303120
14976400
6813577938320
460176
5703056
676791696
255867684240
21431696
509404651128208
1498875280
164433151681725840
5899664
466514216336
19516753296
820624
156868923917712
712734345561488
187733392
191850648976
175248784
19047824
679716240
276479376
769424
251280
447888
5690768
404313488
4814792080
676695536
292313599015489008
4592
431600
858396144
21439984
8187767530992
521630361531232752
176624
171225584
842314224
493993503011312
406000
22473036149232
504304
17609200
516077040
511818224
834032
605680
15652209136
184794333680
193320370672
509404642984432
15703882189296
5988817160688
192518048240
674288
609896944
185195973104
696911546864
183792
497465740784
509404165819888
184760782320
675312
5605314032
609897968
26078760432
524341744
27453444592
8508912
4675056
27533695472
19062256
175342978640
654657250794767952
187991632
610043472
22476777166416
15918869616208
5470623312
814945872
5610457601616
-1754572470815910320
6016112208
-1754572595405547952
5974267472
521630866476734032
21950469712
521630365041399376
883394386433616
20551248
191851238992
-806080232334715284
5827565136
860493392
179707204802128
824912
7995500112
691185232
27449009744
171386448
13245984745040
21440080
255873984080
880789661264
624330122832
6041577040
6104656
28861502766267984
184751832656
5324368
14139080272
6138721582672
21043986000
20327649361488
23016529575657040
5491539536
623966830160
21597666896
509404718972496
509404165389904
20327649459792
680738384
14011317840
8384236849708624
16300933304794704
21581086288
5636546281040
15918909800016
15753231952
6798928
654289872297115216
5840059984
609762896
881078058576
21651537488
509405216390736
16300957394026064
5881424
650521221906000
901928284962384
151163576630864
21581413968
509404702719568
22118284880
5979728
5513100880
179706944765520
175499853392
769616
28185095585360
609703504
5888642454240532080
5324804454057371248
887834676422256
2736
16300948260784816
19972245293744
7995527856
479402672
180592304
406192
5878448
538288
15346448048
15024
16300948876016304
17072
12894896
26755760
15087225520
180898480
608944
21799488176
282288
609504944
21168
181234352
187137575728
12879537
27524466353
21563057
21664171697
14849713
21599921
497466054321
639313721792177
176268977
11642545
21145265
21374641
49751729
5908145
609953457
15918895349425
702405033649
9504818
15551532082
166962
19041330
456428594
363570
635253854258
16027698
180817702981682
180557874
7218
140338
402482
7995794482
26901619762
468018
688775439410
14928924058674
5874738
175154
13362
14857266
14386
8501298
-1754572504863459278
5486642
374834
180274
20530
19989902053426
609505330
16044082
20886900786
10082375730
25650
19392562
8488114
702281778354
132274
21549403997362
26346674
394418
16300949032535218
609649842
486114482
12748978
687311026
-806095211439551282
6116510898
624591801522
635269450930
15918880165042
22476956667058
16300948587941042
16300957217819826
-806104264025338674
153586866
8187434994866
509404635532466
5917862661298
4274
488874610866
690602938546
15918897467570
28123046516914
480639239493810
455579826
666112255986309298
149592242
188389554
181705906
485792946
15315511339687090
521630360827894962
676928690
20328127044786
2100227335654873882
-1754556346453777230
497465471154
195744018610
26259634
28861502766493874
497452101810
179703180341426
388019378
623924917426
21946119346
12942030002
669874
-806080237313377074
509404648620210
672317618
1184252082
26624178
624534470834
899937704853682
22477280985266
7264363860601684156
113148346546
509404651372722
5982831794
23016529563665586
189910194
639094960082098
16300948907543730
20117310327986
5615842020530
6077861042
179703196732594
6120000690
175646428338
6049778866
4949775178977004772
674994
719134998023346
16300950619311282
8585643889256975538
684379314
182111410
15918908494002
48550066
262001718186162
707175609094322
-7266976723060041958
15545619634
2100438179457749786
509404642465970
5618456754
414047197362
777312434
-806080239447516978
509405313882290
153148594
478618318443794
2752599314
445277458
485558578
265522
180490546
168242
19042610
249860402
21241138
244018
671026
180896050
183602
19057970
184626
19061042
21655902514
132594
26901349874
21595634
14977522
656379709938
364018
609586674
18340452702195186
176626
406002
609628658
5484099058
441842
19516734962
671218
180722
183794
878368181746
14682836466
4675058
5920242
5848585714
24050
21524209138
2738
609290930
110693042
659918514
180558514
26287794
176818
249868978
19379890
15026
26901265074
7995865778
282290
41911636658
5834803
363571
21044334643
170035
860002355
171059
140339
402483
688774325299
620110899
175155
315666483
176179
485929011
485994547
667699
177203
19384480819
180892723
497465538611
28108065454131
145459
403847219
19980238338099
860141619
313395
281651
20531
14995507
521630410824011827
609342515
5605282867
276436146227
186419
20650973235
20048042035
23603
25651
150833661043
5637235
497457431667
17171571
19510264947
6882419
525665244275
27453232243
185392603251
47358067
3798982291345416307
19373990003
418881651
624329990259
5484225651
22653417202803
672686253171
5782643
5848179
15285363
272252019
769139
16828531
8711620723
475187315
8585701016367974515
570617415795
13944947
688179315
874349512819
423953688843379
1203
4814210227
394419
272172211
5512987827
486114483
656563
149392563
676924595
28108016651443
15545797811
620367027
702408855731
5299
136371
609359027
431283
529587
21950274739
5995570355
674410675
209075
-2120871670883077639
449889868950220979
14818825917903027
405683
7995797683
624535188659
15921950536883
19375895731
19851688115
145587
620017843
5879987
28861502775212211
28861846976575667
669875
175495592115
22477083916467
193326006451
509404648620211
408601779
404015283
485935283
404441267
5982387
609962163
5658226935987
15545781427
20659
11912958131
181031091
719266542932147
14866611
12937517235
880789346483
24755
11633939
5375251
26906610238739
609584403
12977427
678047384851
16626648339
5768467
5834003
20446946927379731
17368339
754963
5395
18912531
289445139
16946451
21140755
6690067
12981523
19516495123
858330387
21177619
5711123
533779
255869854995
21570835
664851
11648275
179475
16027959344403
175066234131
20102419
605240595
16199698595091
539923
19512442131
5848339
21576979
659111187
670995
147504403
623991504147
21675283
769299
654728925470768403
4376851
182765843
7995787571
673418939699
168243
5018101125427
19364221235
390899863859
5477683
21241139
466227
6139254611251
184015478490340659
559357235
685945139
37007667
373043
405811
504115
609956147
19373798707
901928146220339
180892979
901912308757811
16101304751043891
5355827
244019
609466675
180599091
619973949747
28185303103795
18739
609897779
8118211373421972787
20787
184627
24883
190771
7996048755
497819194739
249865587
12985715
468339
12998003
921170005453067635
25971
5848327539
12215641459
12208062334355
5899667
5965203
27453490579
136595
16946579
255869490579
290100627
5383571
5678483
533907
19512436115
5782931
9059731
769427
12977587
12981683
5645747
11648435
5619123
21380531
11634131
5604819
525779
19506697683
195204563
81363
769491
5876998716883
268294343219723731
14928924360147
11654611
5778953683
499
609324531
22653135261171
27744833670643
20286963
39411
662003
12585936755187
191184378355
402931
19504706035
521630362589508083
901928137830899
28228115018227
497466126835
5976563
534910154227
177651
5854377459
717604866143731
6121694868979
14835
18921971
244211
676805107
474611
6132591772147
676415987
408504819
674291
193321129459
4675059
21549399102963
171529715
191839547807219
9065971
22644318164467
28866828644309491
26099
5342739
5375507
460307
11994643
12125715
14255635
1499072019
11572755
19506697747
255864116755
103955
12927997459
724900328347155
20578407955
5913150854675
306300007491933715
16300948575065619
271750675
4363795
12981779
21370387
4658707
186819091
5350931
262006499321363
12985875
5711379
681125395
923567834688726547
5907987
634730492435
5619219
15442124324371
175586835
18340526637399571
15187475
21577235
671251
188399123
21023251
135449107
5425683
249874963
21075788614163
693619219
153107
611859
673282516499
186701363
288413235
177407710771
418308740659
28185061295763
11634323
14672856723
231059
14976659
6151586743955
11929235
497457432211
1553368723
171378323
4654739
156804515475
-7347823845878330831
213108852371
591507
21563027
5899923
479856275
15545796243
-1757471018242668909
672132964681363
660211347
820883
4232851
9273644691
13670035
20455743363782291
12752531
5788309139
272045715
530067
22493798078099
654451845822420627
2508794886712989331
20451604693522067
4654626399407613923
5166910857021007843
20451619960788627
20464773499459219
497727051411
189234763273875
639113125959315
-1742280371945859427
509154963
4900755091
11642515
19506767507
12986003
675808716435
19502933651
878469260947
624116246163
4668629115118665373
5652115
5717651
4701843
13090451
540307
488874983059
5605244563
5848723
844709523
26820243
8585422387868679827
671379
696029072019
680577683
5618322067
624093612691
866698447507
900024446798483
437439123
676514451
19829466778259
657640083
8711752339
174377619
249875091
184863379
179817107
250071699
13057575571
506582675
21949994643
26367635
8187686606483
28184793339539
26259
7995811475
2739
708728826555894451
-1754588369288787277
21581073075
19985163782835
191646456679091
509404702673587
179706944654003
26987825843
5615724890803
521631049802418867
690469079731
86674099
21043973811
265907
364211
475140787
5379763
814946995
16300948266883763
18914995
22117850803
509405239156403
665267
5908147
471478963
27449013939
609662643
680965811
15027
13997521587
168966835
12928039603
674673910332083
696029428403
14478293683
187142093491
22706634629497523
16300923137737395
609764019
624159113907
851985075
22095086259
16300933305090739
182963
5470636723
5491379
27453016755
21118864051
192521194163
153192319667
21043913247411
414138976947
9719475
688470848196275
23016538916933299
23219
25212356339
460531
9045747
19516135155
18116830598899
658675443
435955
697583445747
7808755
5138535652402931
408626931
712733922770675
191643029299
184752157491
418461491
878997583667
14483470131
186279672627
4700979
21220536498995
442126131
22088533428
26282036
5638196
676726836
639509271415860
494644
5781457972
7220
402484
5002110004
491257209908
175156
710193359924
176180
372788
405556
6500990638750086232
20047803444
14388
5988867618868
566479927348
13596211252
180276
676579380
497379002420
379956
5917748
19508383796
488822836
319540
624684458036
8488116
19503613108
427188
687342772
265396
6237683190964
887834682854580
464052
173544628
9049268
498270014189748
509403847635124
405684
609628340
609760436
6286596854265012
180892852
4149444253698241716
509404651205812
14516
685815988
609368244
21149876
19380404
620345524
184785975476
5423284
444596
16300948629932212
6049679540
57878007859380
15025474980020
620316852
22653351577780
674996
22477075532980
27985379478708
680116
12941156532
460052
11994388
649528596
656660
5396
19516134676
19174676
456430868
431380
464148
867026048276
22653269775636
5838100
665767712020
705495066809620
5870868
824596
11642132
21549406070036
8627476
468244
7808276
12002580
255864546580
4793620
632084
5792965908
645348628
5881108
276479252
21751315732
152525520148
135448852
5425428
4826758039828
415549716
182962452
8847345940
24627476
691718420
2544916
19499799828
4544575935304980
644372
5694740
3380
676695348
5428
658775348
405812
5772490036
177460
22195385652
5912077186356
10135024948
26906431994164
5932464436
833844
182580
469541900596
500
132596
19516720628
26251764
13188404724
694772
40436
624133578228
143860
5615722344948
406004
14481274356
524334580
888956836623860
14836
178676
3455476
15860
376308
409076
9059828
198566547701236
16884
21515125236
13188579828
634716867060
16370164
332375042705908
192518179316
12636660
8508916
28215158756852
14606226932
719266410747380
12220879003124
153148916
19062260
482804
6173453934068
26100
48830187092
11634260
255864178260
21071444
5375572
7995524692
3796585589148616302
639197742564948
12879444
14059044491003476
14976596
19510101588
21268052
17204820
16300950351709780
624065709652
21797209684
16300948573324884
14482343508
-7348029563555345934
-806086523556002192
635089454676
4724268467796
408618580
820820
879045416532
22477094819412
169556
20716066388
272045652
4236884
184933197396
28108032910932
19502704212
497457440340
21654611540
534100
150480468
9141134932
187336932948
19512409684
5774163540
21675604
408665684
11654740
185940
21659833940
21616212
9066068
26196
10101413492
35508
166580
19040948
21524192948
17085108
26654388
178868
17831213748
408369844
215732
113352559284
477876
7995869876
624598403764
676940468
380596
709300
21141236
860296948
239348
5711604
21604084
19516761844
16116
181044
175059944244
15551710004
15036728005013
262005295811029
5639637
19042773
6486777363544838613
303505426518485
21545185612245
8585142976817304021
639195976733141
22807485092106709
268303156765692373
26993567189
901923350980053
190358997
665045
26879445
901929783469525
12898773
533
5504572949
19055125
153148949
26959060565
629
5473909
5749
595573
12637813
16300948797662869
16300949032543893
5848009782
21946244150
5988944097334
880774787126
844509238
184752451638
5943350
5982663734
13728004150
1489287222
28861502766499894
21945960502
27520190518
837686
183350
255873930294
620367030
494009340566710
509404650839222
402614
21115062
880773935286
677064886
609401014
15555934390
10107062
5945526
84150
521630344339048630
634853176854710
15545780406
5982390
837814
674998
20662
505865558443610294
28185061295414
191839547754806
5552966535478
880785263926
27463912758
759094
193950326070
5605044534
19368425782
5605308726
13416758
15918895086902
676740406
413870049590
20629814
6022090038
485805366
21286198
19851955510
1723702
880782922038
16339254
14868790
5938678
5350902
140790
901921980330486
435443956330998
19969063170550
21280246
19059190
12770806
175171062
4151
180557879
15178807
4880245302327
664631
609887287
673423434807
175159
372791
609595447
26901590071
405559
26912108599
693579831
458765367
669751
18487
475154487
5973952567
4915087415
444471
17831479351
289851447
21946255415
19840714807
19511
281655
9499799997495
2873379895
5917751
7996066871
8507447
19503632439
19058743
689585036382263
719615548379191
8384097867190327
427891202641975
186423
466513745975
25655
183
289801399
591031
19504170167
19375884471
5605165239
7995527351
136375
639241771160759
365751
4770337975
679716023
5820756151
405687
261998387802295
669879
182455
674999
15642283191
19361353911
21799489719
5637399
656663
21009687
12752151
17175831
464151
5838103
19504174359
8496407
5645591
533783
4889531458839
27023484183
5792965911
5907735
15639
5651735
639230289526039
5881111
25879
363831
168247
24613175
170295
143671
689581231059255
405815
787886391
14647
145719
190533386516791
787626295
154113378761015
857913655
244023
15079815479
375095
609892663
182583
17234577719
452087095
281911
20791
719809046237495
282935
21044351287
209399
14726647
672216567
14857719
19118583
609368567
670199
146935
12220527427063
143096167927
409079
150007
379383
609602039
6170232605175
22195587575
566150679031
4606455
444919
17490889207
9062903
4609527
525911
19512428119
11638359
464471
624268252759
5783365207
5908055
609887831
15221794391
7814743
5914199
21236793
11321
243769
149561
184034969657
416825
591033
21595321
787886265
726595812426395833
19641
20665
23737
40441
175609
22009
7820793
611833
219231639033
517625
5854737466
9458794694842
630472890
688894745914
609763642
177288698
15866
27094564346
22322603507194
324580511418
